=VLOOKUP(IF($W$6="",L8,IF($W$6="O",O8,IF($W$6="R",R8,U8))),TPecap!$B$6:TPecap!$D$1666,1,TRUE)

67815  -> 9308.60

9308.6	67689	67845	9308.6



CONTENT	>>>>>>>>>>>>>>>>>>>>>>>>>>>>>>>>>>>>>>				ELEVATION		ELEVATION>>>>>>>		>>>>>>>	CONTENT
																		
70462	9310.3	70367	70527	0.059375	9310.36		9310.36	70367	70527	70463
                                        
GAGE	0	0.10																
9180.0	0	0																
9180.1	0	0	9180.1					ELEVATION	0.0	0.1	0.2	0.3	0.4	0.5	0.6	0.7	0.8	0.9
9180.2	0	0	9180.2					9180	0	0	0	0	0	0	1	1	1	1
9180.3	0	0	9180.3					9181	1	2	2	2	3	3	4	4	5	5
9180.4	0	0	9180.4					9182	6	6	7	7	8	9	9	10	11	12
9180.5	0	1	9180.5					9183	13	13	14	15	16	17	18	19	20	21
9180.6	1	1	9180.6					9184	22	24	25	26	27	28	30	31	32	34
9180.7	1	1	9180.7					9185	35	36	38	39	41	42	44	45	47	49
9180.8	1	1	9180.8					9186	50	52	54	55	57	59	61	63	64	66
9180.9	1	1	9180.9					9187	68	70	72	74	76	78	80	82	84	87
9181.0	1	2	9181.0					9188	89	91	93	95	98	100	102	105	107	109
9181.1	2	2	9181.1					9189	112	114	117	119	122	124	127	130	132	135
9181.2	2	2	9181.2					9190	138	140	143	146	148	151	154	157	160	163
9181.3	2	3	9181.3					9191	166	169	172	175	178	181	184	187	190	193
9181.4	3	3	9181.4					9192	196	199	203	206	209	213	216	219	223	226
9181.5	3	4	9181.5					9193	229	233	236	240	243	247	250	254	257	261
9181.6	4	4	9181.6					9194	265	268	272	276	280	283	287	291	295	299
9181.7	4	5	9181.7					9195	303	306	310	314	318	322	326	330	335	339
9181.8	5	5	9181.8					9196	343	347	351	355	360	364	368	373	377	381
9181.9	5	6	9181.9					9197	386	390	395	399	404	408	413	417	422	427
9182.0	6	6	9182.0					9198	431	436	441	445	450	455	460	465	469	474
9182.1	6	7	9182.1					9199	479	484	489	494	499	504	509	515	520	525
9182.2	7	7	9182.2					9200	530	535	541	546	551	557	562	568	573	579
9182.3	7	8	9182.3					9201	585	591	596	602	608	614	620	626	633	639
9182.4	8	9	9182.4					9202	645	652	658	664	671	678	684	691	698	704
9182.5	9	9	9182.5					9203	711	718	725	732	739	746	753	761	768	775
9182.6	9	10	9182.6					9204	783	790	798	805	813	821	828	836	844	852
9182.7	10	11	9182.7					9205	860	868	876	884	892	901	909	917	926	934
9182.8	11	12	9182.8					9206	943	951	960	969	977	986	995	1004	1013	1022
9182.9	12	13	9182.9					9207	1031	1040	1050	1059	1068	1078	1087	1096	1106	1116
9183.0	13	13	9183.0					9208	1125	1135	1145	1154	1164	1174	1184	1194	1204	1215
9183.1	13	14	9183.1					9209	1225	1235	1245	1256	1266	1277	1287	1298	1309	1319
9183.2	14	15	9183.2					9210	1330	1341	1352	1363	1374	1385	1396	1407	1419	1430
9183.3	15	16	9183.3					9211	1442	1453	1465	1477	1488	1500	1512	1524	1536	1549
9183.4	16	17	9183.4					9212	1561	1573	1586	1598	1611	1623	1636	1649	1661	1674
9183.5	17	18	9183.5					9213	1687	1700	1713	1727	1740	1753	1767	1780	1794	1807
9183.6	18	19	9183.6					9214	1821	1835	1849	1863	1877	1891	1905	1919	1934	1948
9183.7	19	20	9183.7					9215	1963	1977	1992	2006	2021	2036	2051	2066	2081	2096
9183.8	20	21	9183.8					9216	2111	2126	2142	2157	2173	2188	2204	2220	2235	2251
9183.9	21	22	9183.9					9217	2267	2283	2299	2316	2332	2348	2365	2381	2398	2414
9184.0	22	24	9184.0					9218	2431	2448	2464	2481	2498	2515	2532	2550	2567	2584
9184.1	24	25	9184.1					9219	2602	2619	2637	2654	2672	2690	2708	2726	2744	2762
9184.2	25	26	9184.2					9220	2780	2798	2817	2835	2854	2872	2891	2910	2929	2948
9184.3	26	27	9184.3					9221	2968	2987	3007	3026	3046	3066	3086	3106	3126	3146
9184.4	27	28	9184.4					9222	3167	3187	3208	3228	3249	3270	3291	3313	3334	3355
9184.5	28	30	9184.5					9223	3377	3398	3420	3442	3464	3486	3508	3531	3553	3576
9184.6	30	31	9184.6					9224	3598	3621	3644	3667	3690	3713	3737	3760	3784	3807
9184.7	31	32	9184.7					9225	3831	3855	3879	3903	3928	3952	3976	4001	4026	4050
9184.8	32	34	9184.8					9226	4075	4100	4126	4151	4176	4202	4227	4253	4279	4305
9184.9	34	35	9184.9					9227	4331	4357	4383	4410	4436	4463	4490	4516	4543	4570
9185.0	35	36	9185.0					9228	4598	4625	4652	4680	4707	4735	4763	4791	4819	4847
9185.1	36	38	9185.1					9229	4876	4904	4933	4961	4990	5019	5048	5077	5106	5136
9185.2	38	39	9185.2					9230	5165	5195	5224	5254	5284	5314	5343	5374	5404	5434
9185.3	39	41	9185.3					9231	5464	5494	5525	5555	5586	5617	5647	5678	5709	5740
9185.4	41	42	9185.4					9232	5771	5803	5834	5865	5897	5928	5960	5991	6023	6055
9185.5	42	44	9185.5					9233	6087	6119	6151	6183	6215	6248	6280	6313	6345	6378
9185.6	44	45	9185.6					9234	6411	6443	6476	6509	6542	6576	6609	6642	6675	6709
9185.7	45	47	9185.7					9235	6743	6776	6810	6844	6878	6912	6946	6980	7014	7048
9185.8	47	49	9185.8					9236	7083	7117	7152	7186	7221	7256	7291	7326	7361	7396
9185.9	49	50	9185.9					9237	7431	7466	7502	7537	7573	7608	7644	7680	7715	7751
9186.0	50	52	9186.0					9238	7787	7824	7860	7896	7932	7969	8005	8042	8079	8115
9186.1	52	54	9186.1					9239	8152	8189	8226	8263	8300	8338	8375	8412	8450	8487
9186.2	54	55	9186.2					9240	8525	8563	8601	8639	8677	8715	8753	8791	8830	8869
9186.3	55	57	9186.3					9241	8907	8946	8985	9024	9063	9102	9142	9181	9220	9260
9186.4	57	59	9186.4					9242	9300	9340	9380	9420	9460	9500	9540	9581	9621	9662
9186.5	59	61	9186.5					9243	9703	9744	9785	9826	9867	9908	9950	9991	10033	10074
9186.6	61	63	9186.6					9244	10116	10158	10200	10242	10284	10327	10369	10412	10454	10497
9186.7	63	64	9186.7					9245	10540	10583	10626	10669	10712	10756	10799	10843	10887	10930
9186.8	64	66	9186.8					9246	10974	11018	11062	11106	11151	11195	11240	11284	11329	11374
9186.9	66	68	9186.9					9247	11419	11464	11509	11554	11600	11645	11691	11736	11782	11828
9187.0	68	70	9187.0					9248	11874	11920	11966	12012	12059	12105	12152	12198	12245	12292
9187.1	70	72	9187.1					9249	12339	12386	12434	12481	12528	12576	12623	12671	12719	12767
9187.2	72	74	9187.2					9250	12815	12863	12911	12960	13008	13057	13106	13154	13203	13252
9187.3	74	76	9187.3					9251	13301	13351	13400	13449	13499	13548	13598	13648	13698	13748
9187.4	76	78	9187.4					9252	13798	13848	13899	13949	14000	14051	14101	14152	14203	14254
9187.5	78	80	9187.5					9253	14306	14357	14408	14460	14512	14563	14615	14667	14719	14772
9187.6	80	82	9187.6					9254	14824	14876	14929	14981	15034	15087	15140	15193	15246	15299
9187.7	82	84	9187.7					9255	15353	15406	15460	15513	15567	15621	15675	15729	15783	15837
9187.8	84	87	9187.8					9256	15892	15946	16001	16056	16110	16165	16220	16276	16331	16386
9187.9	87	89	9187.9					9257	16442	16497	16553	16609	16665	16721	16777	16833	16889	16946
9188.0	89	91	9188.0					9258	17002	17059	17116	17172	17229	17286	17344	17401	17458	17516
9188.1	91	93	9188.1					9259	17573	17631	17689	17747	17805	17863	17921	17979	18038	18096
9188.2	93	95	9188.2					9260	18155	18214	18273	18332	18391	18450	18510	18569	18629	18689
9188.3	95	98	9188.3					9261	18749	18809	18870	18930	18991	19052	19113	19174	19235	19296
9188.4	98	100	9188.4					9262	19358	19419	19481	19543	19605	19667	19730	19792	19855	19917
9188.5	100	102	9188.5					9263	19980	20043	20107	20170	20233	20297	20361	20425	20489	20553
9188.6	102	105	9188.6					9264	20617	20682	20747	20811	20876	20941	21006	21072	21137	21203
9188.7	105	107	9188.7					9265	21269	21335	21401	21467	21533	21600	21666	21733	21800	21867
9188.8	107	109	9188.8					9266	21934	22002	22069	22137	22205	22273	22341	22409	22477	22546
9188.9	109	112	9188.9					9267	22614	22683	22752	22821	22890	22960	23029	23099	23169	23239
9189.0	112	114	9189.0					9268	23309	23379	23449	23520	23590	23661	23732	23803	23874	23946
9189.1	114	117	9189.1					9269	24017	24089	24161	24233	24305	24377	24449	24522	24594	24667
9189.2	117	119	9189.2					9270	24740	24813	24886	24960	25033	25107	25181	25255	25329	25403
9189.3	119	122	9189.3					9271	25478	25553	25627	25702	25777	25853	25928	26004	26080	26156
9189.4	122	124	9189.4					9272	26232	26308	26384	26461	26538	26614	26691	26769	26846	26923
9189.5	124	127	9189.5					9273	27001	27079	27157	27235	27313	27392	27470	27549	27628	27707
9189.6	127	130	9189.6					9274	27786	27866	27945	28025	28105	28185	28265	28346	28426	28507
9189.7	130	132	9189.7					9275	28587	28668	28750	28831	28912	28994	29076	29158	29240	29322
9189.8	132	135	9189.8					9276	29404	29487	29570	29653	29736	29819	29902	29986	30069	30153
9189.9	135	138	9189.9					9277	30237	30321	30406	30490	30575	30659	30744	30829	30915	31000
9190.0	138	140	9190.0					9278	31086	31171	31257	31343	31429	31516	31602	31689	31776	31863
9190.1	140	143	9190.1					9279	31950	32037	32125	32212	32300	32388	32476	32564	32653	32741
9190.2	143	146	9190.2					9280	32830	32919	33008	33097	33187	33277	33367	33457	33547	33638
9190.3	146	148	9190.3					9281	33729	33820	33911	34003	34095	34187	34279	34371	34464	34557
9190.4	148	151	9190.4					9282	34650	34743	34837	34931	35025	35119	35213	35308	35403	35498
9190.5	151	154	9190.5					9283	35593	35689	35784	35880	35976	36073	36169	36266	36363	36461
9190.6	154	157	9190.6					9284	36558	36656	36754	36852	36950	37049	37148	37247	37346	37445
9190.7	157	160	9190.7					9285	37545	37645	37745	37845	37946	38047	38148	38249	38350	38452
9190.8	160	163	9190.8					9286	38554	38656	38758	38861	38964	39067	39170	39273	39377	39481
9190.9	163	166	9190.9					9287	39585	39689	39794	39899	40004	40109	40214	40320	40426	40532
9191.0	166	169	9191.0					9288	40638	40745	40851	40958	41065	41173	41280	41388	41496	41605
9191.1	169	172	9191.1					9289	41713	41822	41931	42040	42149	42259	42369	42479	42589	42699
9191.2	172	175	9191.2					9290	42810	42921	43032	43144	43255	43367	43479	43592	43704	43817
9191.3	175	178	9191.3					9291	43931	44044	44158	44272	44386	44500	44615	44730	44845	44961
9191.4	178	181	9191.4					9292	45076	45192	45309	45425	45542	45659	45776	45893	46011	46129
9191.5	181	184	9191.5					9293	46247	46366	46485	46604	46723	46842	46962	47082	47202	47323
9191.6	184	187	9191.6					9294	47444	47565	47686	47807	47929	48051	48173	48296	48419	48542
9191.7	187	190	9191.7					9295	48665	48789	48912	49036	49161	49285	49410	49535	49660	49786
9191.8	190	193	9191.8					9296	49912	50038	50164	50290	50417	50544	50672	50799	50927	51055
9191.9	193	196	9191.9					9297	51183	51312	51441	51570	51699	51829	51959	52089	52219	52350
9192.0	196	199	9192.0					9298	52480	52611	52743	52874	53006	53138	53271	53403	53536	53669
9192.1	199	203	9192.1					9299	53803	53936	54070	54204	54339	54473	54608	54743	54879	55014
9192.2	203	206	9192.2					9300	55150	55286	55422	55559	55696	55833	55970	56108	56245	56383
9192.3	206	209	9192.3					9301	56521	56660	56798	56937	57076	57216	57355	57495	57635	57775
9192.4	209	213	9192.4					9302	57916	58056	58197	58338	58480	58621	58763	58905	59047	59190
9192.5	213	216	9192.5					9303	59333	59476	59619	59762	59906	60050	60194	60338	60483	60627
9192.6	216	219	9192.6					9304	60772	60918	61063	61209	61355	61501	61647	61794	61941	62088
9192.7	219	223	9192.7					9305	62235	62383	62530	62678	62826	62975	63124	63272	63421	63571
9192.8	223	226	9192.8					9306	63720	63870	64020	64170	64321	64472	64623	64774	64925	65077
9192.9	226	229	9192.9					9307	65229	65381	65533	65686	65838	65991	66144	66298	66452	66605
9193.0	229	233	9193.0					9308	66760	66914	67069	67223	67378	67534	67689	67845	68001	68157
9193.1	233	236	9193.1					9309	68313	68470	68627	68784	68941	69099	69257	69415	69573	69731
9193.2	236	240	9193.2					9310	69890	70049	70208	70367	70527	70687	70847	71007	71168	71329
9193.3	240	243	9193.3					9311	71490	71651	71813	71974	72136	72298	72461	72624	72786	72950
9193.4	243	247	9193.4					9312	73113	73277	73440	73605	73769	73933	74098	74263	74429	74594
9193.5	247	250	9193.5					9313	74760	74926	75092	75258	75425	75592	75759	75926	76094	76262
9193.6	250	254	9193.6					9314	76430	76598	76767	76936	77105	77274	77443	77613	77783	77953
9193.7	254	257	9193.7					9315	78124	78294	78465	78636	78808	78979	79151	79323	79496	79668
9193.8	257	261	9193.8					9316	79841	80014	80187	80361	80534	80708	80883	81057	81232	81407
9193.9	261	265	9193.9					9317	81582	81757	81933	82109	82285	82461	82637	82814	82991	83169
9194.0	265	268	9194.0					9318	83346	83524	83702	83880	84058	84237	84416	84595	84774	84954
9194.1	268	272	9194.1					9319	85134	85314	85494	85675	85855	86036	86218	86399	86581	86763
9194.2	272	276	9194.2					9320	86945	87127	87310	87493	87676	87859	88043	88226	88410	88594
9194.3	276	280	9194.3					9321	88779	88963	89148	89333	89518	89703	89889	90074	90260	90447
9194.4	280	283	9194.4					9322	90633	90820	91006	91193	91381	91568	91756	91944	92132	92320
9194.5	283	287	9194.5					9323	92509	92697	92886	93075	93265	93454	93644	93834	94024	94214
9194.6	287	291	9194.6					9324	94405	94596	94787	94978	95169	95361	95553	95745	95937	96130
9194.7	291	295	9194.7					9325	96323	96515	96709	96902	97095	97289	97483	97677	97872	98066
9194.8	295	299	9194.8					9326	98261	98456	98651	98847	99042	99238	99434	99630	99827	100024
9194.9	299	303	9194.9					9327	100221	100418	100615	100812	101010	101208	101406	101605	101803	102002
9195.0	303	306	9195.0					9328	102201	102400	102600	102799	102999	103199	103399	103600	103801	104001
9195.1	306	310	9195.1					9329	104203	104404	104605	104807	105009	105211	105413	105616	105819	106022
9195.2	310	314	9195.2					9330	106225	106428	106632	106836	107040	107244	107448	107653	107858	108062
9195.3	314	318	9195.3					9331	108268	108473	108678	108884	109090	109296	109502	109709	109915	110122
9195.4	318	322	9195.4					9332	110329	110536	110744	110952	111159	111367	111575	111784	111992	112201
9195.5	322	326	9195.5					9333	112410	112619	112829	113038	113248	113458	113668	113878	114089	114299
9195.6	326	330	9195.6					9334	114510	114721	114932	115144	115355	115567	115779	115991	116204	116416
9195.7	330	335	9195.7					9335	116629	116842	117055	117269	117482	117696	117910	118124	118338	118553
9195.8	335	339	9195.8					9336	118767	118982	119197	119413	119628	119844	120060	120276	120492	120708
9195.9	339	343	9195.9					9337	120925	121142	121359	121576	121793	122011	122228	122446	122664	122883
9196.0	343	347	9196.0					9338	123101	123320	123539	123758	123977	124197	124416	124636	124856	125076
9196.1	347	351	9196.1					9339	125297	125518	125738	125959	126181	126402	126623	126845	127067	127289
9196.2	351	355	9196.2															
9196.3	355	360	9196.3															
9196.4	360	364	9196.4															
9196.5	364	368	9196.5															
9196.6	368	373	9196.6															
9196.7	373	377	9196.7															
9196.8	377	381	9196.8															
9196.9	381	386	9196.9															
9197.0	386	390	9197.0															
9197.1	390	395	9197.1															
9197.2	395	399	9197.2															
9197.3	399	404	9197.3															
9197.4	404	408	9197.4															
9197.5	408	413	9197.5															
9197.6	413	417	9197.6															
9197.7	417	422	9197.7															
9197.8	422	427	9197.8															
9197.9	427	431	9197.9															
9198.0	431	436	9198.0															
9198.1	436	441	9198.1															
9198.2	441	445	9198.2															
9198.3	445	450	9198.3															
9198.4	450	455	9198.4															
9198.5	455	460	9198.5															
9198.6	460	465	9198.6															
9198.7	465	469	9198.7															
9198.8	469	474	9198.8															
9198.9	474	479	9198.9															
9199.0	479	484	9199.0															
9199.1	484	489	9199.1															
9199.2	489	494	9199.2															
9199.3	494	499	9199.3															
9199.4	499	504	9199.4															
9199.5	504	509	9199.5															
9199.6	509	515	9199.6															
9199.7	515	520	9199.7															
9199.8	520	525	9199.8															
9199.9	525	530	9199.9															
9200.0	530	535	9200.0															
9200.1	535	541	9200.1															
9200.2	541	546	9200.2															
9200.3	546	551	9200.3															
9200.4	551	557	9200.4															
9200.5	557	562	9200.5															
9200.6	562	568	9200.6															
9200.7	568	573	9200.7															
9200.8	573	579	9200.8															
9200.9	579	585	9200.9															
9201.0	585	591	9201.0															
9201.1	591	596	9201.1															
9201.2	596	602	9201.2															
9201.3	602	608	9201.3															
9201.4	608	614	9201.4															
9201.5	614	620	9201.5															
9201.6	620	626	9201.6															
9201.7	626	633	9201.7															
9201.8	633	639	9201.8															
9201.9	639	645	9201.9															
9202.0	645	652	9202.0															
9202.1	652	658	9202.1															
9202.2	658	664	9202.2															
9202.3	664	671	9202.3															
9202.4	671	678	9202.4															
9202.5	678	684	9202.5															
9202.6	684	691	9202.6															
9202.7	691	698	9202.7															
9202.8	698	704	9202.8															
9202.9	704	711	9202.9															
9203.0	711	718	9203.0															
9203.1	718	725	9203.1															
9203.2	725	732	9203.2															
9203.3	732	739	9203.3															
9203.4	739	746	9203.4															
9203.5	746	753	9203.5															
9203.6	753	761	9203.6															
9203.7	761	768	9203.7															
9203.8	768	775	9203.8															
9203.9	775	783	9203.9															
9204.0	783	790	9204.0															
9204.1	790	798	9204.1															
9204.2	798	805	9204.2															
9204.3	805	813	9204.3															
9204.4	813	821	9204.4															
9204.5	821	828	9204.5															
9204.6	828	836	9204.6															
9204.7	836	844	9204.7															
9204.8	844	852	9204.8															
9204.9	852	860	9204.9															
9205.0	860	868	9205.0															
9205.1	868	876	9205.1															
9205.2	876	884	9205.2															
9205.3	884	892	9205.3															
9205.4	892	901	9205.4															
9205.5	901	909	9205.5															
9205.6	909	917	9205.6															
9205.7	917	926	9205.7															
9205.8	926	934	9205.8															
9205.9	934	943	9205.9															
9206.0	943	951	9206.0															
9206.1	951	960	9206.1															
9206.2	960	969	9206.2															
9206.3	969	977	9206.3															
9206.4	977	986	9206.4															
9206.5	986	995	9206.5															
9206.6	995	1004	9206.6															
9206.7	1004	1013	9206.7															
9206.8	1013	1022	9206.8															
9206.9	1022	1031	9206.9															
9207.0	1031	1040	9207.0															
9207.1	1040	1050	9207.1															
9207.2	1050	1059	9207.2															
9207.3	1059	1068	9207.3															
9207.4	1068	1078	9207.4															
9207.5	1078	1087	9207.5															
9207.6	1087	1096	9207.6															
9207.7	1096	1106	9207.7															
9207.8	1106	1116	9207.8															
9207.9	1116	1125	9207.9															
9208.0	1125	1135	9208.0															
9208.1	1135	1145	9208.1															
9208.2	1145	1154	9208.2															
9208.3	1154	1164	9208.3															
9208.4	1164	1174	9208.4															
9208.5	1174	1184	9208.5															
9208.6	1184	1194	9208.6															
9208.7	1194	1204	9208.7															
9208.8	1204	1215	9208.8															
9208.9	1215	1225	9208.9															
9209.0	1225	1235	9209.0															
9209.1	1235	1245	9209.1															
9209.2	1245	1256	9209.2															
9209.3	1256	1266	9209.3															
9209.4	1266	1277	9209.4															
9209.5	1277	1287	9209.5															
9209.6	1287	1298	9209.6															
9209.7	1298	1309	9209.7															
9209.8	1309	1319	9209.8															
9209.9	1319	1330	9209.9															
9210.0	1330	1341	9210.0															
9210.1	1341	1352	9210.1															
9210.2	1352	1363	9210.2															
9210.3	1363	1374	9210.3															
9210.4	1374	1385	9210.4															
9210.5	1385	1396	9210.5															
9210.6	1396	1407	9210.6															
9210.7	1407	1419	9210.7															
9210.8	1419	1430	9210.8															
9210.9	1430	1442	9210.9															
9211.0	1442	1453	9211.0															
9211.1	1453	1465	9211.1															
9211.2	1465	1477	9211.2															
9211.3	1477	1488	9211.3															
9211.4	1488	1500	9211.4															
9211.5	1500	1512	9211.5															
9211.6	1512	1524	9211.6															
9211.7	1524	1536	9211.7															
9211.8	1536	1549	9211.8															
9211.9	1549	1561	9211.9															
9212.0	1561	1573	9212.0															
9212.1	1573	1586	9212.1															
9212.2	1586	1598	9212.2															
9212.3	1598	1611	9212.3															
9212.4	1611	1623	9212.4															
9212.5	1623	1636	9212.5															
9212.6	1636	1649	9212.6															
9212.7	1649	1661	9212.7															
9212.8	1661	1674	9212.8															
9212.9	1674	1687	9212.9															
9213.0	1687	1700	9213.0															
9213.1	1700	1713	9213.1															
9213.2	1713	1727	9213.2															
9213.3	1727	1740	9213.3															
9213.4	1740	1753	9213.4															
9213.5	1753	1767	9213.5															
9213.6	1767	1780	9213.6															
9213.7	1780	1794	9213.7															
9213.8	1794	1807	9213.8															
9213.9	1807	1821	9213.9															
9214.0	1821	1835	9214.0															
9214.1	1835	1849	9214.1															
9214.2	1849	1863	9214.2															
9214.3	1863	1877	9214.3															
9214.4	1877	1891	9214.4															
9214.5	1891	1905	9214.5															
9214.6	1905	1919	9214.6															
9214.7	1919	1934	9214.7															
9214.8	1934	1948	9214.8															
9214.9	1948	1963	9214.9															
9215.0	1963	1977	9215.0															
9215.1	1977	1992	9215.1															
9215.2	1992	2006	9215.2															
9215.3	2006	2021	9215.3															
9215.4	2021	2036	9215.4															
9215.5	2036	2051	9215.5															
9215.6	2051	2066	9215.6															
9215.7	2066	2081	9215.7															
9215.8	2081	2096	9215.8															
9215.9	2096	2111	9215.9															
9216.0	2111	2126	9216.0															
9216.1	2126	2142	9216.1															
9216.2	2142	2157	9216.2															
9216.3	2157	2173	9216.3															
9216.4	2173	2188	9216.4															
9216.5	2188	2204	9216.5															
9216.6	2204	2220	9216.6															
9216.7	2220	2235	9216.7															
9216.8	2235	2251	9216.8															
9216.9	2251	2267	9216.9															
9217.0	2267	2283	9217.0															
9217.1	2283	2299	9217.1															
9217.2	2299	2316	9217.2															
9217.3	2316	2332	9217.3															
9217.4	2332	2348	9217.4															
9217.5	2348	2365	9217.5															
9217.6	2365	2381	9217.6															
9217.7	2381	2398	9217.7															
9217.8	2398	2414	9217.8															
9217.9	2414	2431	9217.9															
9218.0	2431	2448	9218.0															
9218.1	2448	2464	9218.1															
9218.2	2464	2481	9218.2															
9218.3	2481	2498	9218.3															
9218.4	2498	2515	9218.4															
9218.5	2515	2532	9218.5															
9218.6	2532	2550	9218.6															
9218.7	2550	2567	9218.7															
9218.8	2567	2584	9218.8															
9218.9	2584	2602	9218.9															
9219.0	2602	2619	9219.0															
9219.1	2619	2637	9219.1															
9219.2	2637	2654	9219.2															
9219.3	2654	2672	9219.3															
9219.4	2672	2690	9219.4															
9219.5	2690	2708	9219.5															
9219.6	2708	2726	9219.6															
9219.7	2726	2744	9219.7															
9219.8	2744	2762	9219.8															
9219.9	2762	2780	9219.9															
9220.0	2780	2798	9220.0															
9220.1	2798	2817	9220.1															
9220.2	2817	2835	9220.2															
9220.3	2835	2854	9220.3															
9220.4	2854	2872	9220.4															
9220.5	2872	2891	9220.5															
9220.6	2891	2910	9220.6															
9220.7	2910	2929	9220.7															
9220.8	2929	2948	9220.8															
9220.9	2948	2968	9220.9															
9221.0	2968	2987	9221.0															
9221.1	2987	3007	9221.1															
9221.2	3007	3026	9221.2															
9221.3	3026	3046	9221.3															
9221.4	3046	3066	9221.4															
9221.5	3066	3086	9221.5															
9221.6	3086	3106	9221.6															
9221.7	3106	3126	9221.7															
9221.8	3126	3146	9221.8															
9221.9	3146	3167	9221.9															
9222.0	3167	3187	9222.0															
9222.1	3187	3208	9222.1															
9222.2	3208	3228	9222.2															
9222.3	3228	3249	9222.3															
9222.4	3249	3270	9222.4															
9222.5	3270	3291	9222.5															
9222.6	3291	3313	9222.6															
9222.7	3313	3334	9222.7															
9222.8	3334	3355	9222.8															
9222.9	3355	3377	9222.9															
9223.0	3377	3398	9223.0															
9223.1	3398	3420	9223.1															
9223.2	3420	3442	9223.2															
9223.3	3442	3464	9223.3															
9223.4	3464	3486	9223.4															
9223.5	3486	3508	9223.5															
9223.6	3508	3531	9223.6															
9223.7	3531	3553	9223.7															
9223.8	3553	3576	9223.8															
9223.9	3576	3598	9223.9															
9224.0	3598	3621	9224.0															
9224.1	3621	3644	9224.1															
9224.2	3644	3667	9224.2															
9224.3	3667	3690	9224.3															
9224.4	3690	3713	9224.4															
9224.5	3713	3737	9224.5															
9224.6	3737	3760	9224.6															
9224.7	3760	3784	9224.7															
9224.8	3784	3807	9224.8															
9224.9	3807	3831	9224.9															
9225.0	3831	3855	9225.0															
9225.1	3855	3879	9225.1															
9225.2	3879	3903	9225.2															
9225.3	3903	3928	9225.3															
9225.4	3928	3952	9225.4															
9225.5	3952	3976	9225.5															
9225.6	3976	4001	9225.6															
9225.7	4001	4026	9225.7															
9225.8	4026	4050	9225.8															
9225.9	4050	4075	9225.9															
9226.0	4075	4100	9226.0															
9226.1	4100	4126	9226.1															
9226.2	4126	4151	9226.2															
9226.3	4151	4176	9226.3															
9226.4	4176	4202	9226.4															
9226.5	4202	4227	9226.5															
9226.6	4227	4253	9226.6															
9226.7	4253	4279	9226.7															
9226.8	4279	4305	9226.8															
9226.9	4305	4331	9226.9															
9227.0	4331	4357	9227.0															
9227.1	4357	4383	9227.1															
9227.2	4383	4410	9227.2															
9227.3	4410	4436	9227.3															
9227.4	4436	4463	9227.4															
9227.5	4463	4490	9227.5															
9227.6	4490	4516	9227.6															
9227.7	4516	4543	9227.7															
9227.8	4543	4570	9227.8															
9227.9	4570	4598	9227.9															
9228.0	4598	4625	9228.0															
9228.1	4625	4652	9228.1															
9228.2	4652	4680	9228.2															
9228.3	4680	4707	9228.3															
9228.4	4707	4735	9228.4															
9228.5	4735	4763	9228.5															
9228.6	4763	4791	9228.6															
9228.7	4791	4819	9228.7															
9228.8	4819	4847	9228.8															
9228.9	4847	4876	9228.9															
9229.0	4876	4904	9229.0															
9229.1	4904	4933	9229.1															
9229.2	4933	4961	9229.2															
9229.3	4961	4990	9229.3															
9229.4	4990	5019	9229.4															
9229.5	5019	5048	9229.5															
9229.6	5048	5077	9229.6															
9229.7	5077	5106	9229.7															
9229.8	5106	5136	9229.8															
9229.9	5136	5165	9229.9															
9230.0	5165	5195	9230.0															
9230.1	5195	5224	9230.1															
9230.2	5224	5254	9230.2															
9230.3	5254	5284	9230.3															
9230.4	5284	5314	9230.4															
9230.5	5314	5343	9230.5															
9230.6	5343	5374	9230.6															
9230.7	5374	5404	9230.7															
9230.8	5404	5434	9230.8															
9230.9	5434	5464	9230.9															
9231.0	5464	5494	9231.0															
9231.1	5494	5525	9231.1															
9231.2	5525	5555	9231.2															
9231.3	5555	5586	9231.3															
9231.4	5586	5617	9231.4															
9231.5	5617	5647	9231.5															
9231.6	5647	5678	9231.6															
9231.7	5678	5709	9231.7															
9231.8	5709	5740	9231.8															
9231.9	5740	5771	9231.9															
9232.0	5771	5803	9232.0															
9232.1	5803	5834	9232.1															
9232.2	5834	5865	9232.2															
9232.3	5865	5897	9232.3															
9232.4	5897	5928	9232.4															
9232.5	5928	5960	9232.5															
9232.6	5960	5991	9232.6															
9232.7	5991	6023	9232.7															
9232.8	6023	6055	9232.8															
9232.9	6055	6087	9232.9															
9233.0	6087	6119	9233.0															
9233.1	6119	6151	9233.1															
9233.2	6151	6183	9233.2															
9233.3	6183	6215	9233.3															
9233.4	6215	6248	9233.4															
9233.5	6248	6280	9233.5															
9233.6	6280	6313	9233.6															
9233.7	6313	6345	9233.7															
9233.8	6345	6378	9233.8															
9233.9	6378	6411	9233.9															
9234.0	6411	6443	9234.0															
9234.1	6443	6476	9234.1															
9234.2	6476	6509	9234.2															
9234.3	6509	6542	9234.3															
9234.4	6542	6576	9234.4															
9234.5	6576	6609	9234.5															
9234.6	6609	6642	9234.6															
9234.7	6642	6675	9234.7															
9234.8	6675	6709	9234.8															
9234.9	6709	6743	9234.9															
9235.0	6743	6776	9235.0															
9235.1	6776	6810	9235.1															
9235.2	6810	6844	9235.2															
9235.3	6844	6878	9235.3															
9235.4	6878	6912	9235.4															
9235.5	6912	6946	9235.5															
9235.6	6946	6980	9235.6															
9235.7	6980	7014	9235.7															
9235.8	7014	7048	9235.8															
9235.9	7048	7083	9235.9															
9236.0	7083	7117	9236.0															
9236.1	7117	7152	9236.1															
9236.2	7152	7186	9236.2															
9236.3	7186	7221	9236.3															
9236.4	7221	7256	9236.4															
9236.5	7256	7291	9236.5															
9236.6	7291	7326	9236.6															
9236.7	7326	7361	9236.7															
9236.8	7361	7396	9236.8															
9236.9	7396	7431	9236.9															
9237.0	7431	7466	9237.0															
9237.1	7466	7502	9237.1															
9237.2	7502	7537	9237.2															
9237.3	7537	7573	9237.3															
9237.4	7573	7608	9237.4															
9237.5	7608	7644	9237.5															
9237.6	7644	7680	9237.6															
9237.7	7680	7715	9237.7															
9237.8	7715	7751	9237.8															
9237.9	7751	7787	9237.9															
9238.0	7787	7824	9238.0															
9238.1	7824	7860	9238.1															
9238.2	7860	7896	9238.2															
9238.3	7896	7932	9238.3															
9238.4	7932	7969	9238.4															
9238.5	7969	8005	9238.5															
9238.6	8005	8042	9238.6															
9238.7	8042	8079	9238.7															
9238.8	8079	8115	9238.8															
9238.9	8115	8152	9238.9															
9239.0	8152	8189	9239.0															
9239.1	8189	8226	9239.1															
9239.2	8226	8263	9239.2															
9239.3	8263	8300	9239.3															
9239.4	8300	8338	9239.4															
9239.5	8338	8375	9239.5															
9239.6	8375	8412	9239.6															
9239.7	8412	8450	9239.7															
9239.8	8450	8487	9239.8															
9239.9	8487	8525	9239.9															
9240.0	8525	8563	9240.0															
9240.1	8563	8601	9240.1															
9240.2	8601	8639	9240.2															
9240.3	8639	8677	9240.3															
9240.4	8677	8715	9240.4															
9240.5	8715	8753	9240.5															
9240.6	8753	8791	9240.6															
9240.7	8791	8830	9240.7															
9240.8	8830	8869	9240.8															
9240.9	8869	8907	9240.9															
9241.0	8907	8946	9241.0															
9241.1	8946	8985	9241.1															
9241.2	8985	9024	9241.2															
9241.3	9024	9063	9241.3															
9241.4	9063	9102	9241.4															
9241.5	9102	9142	9241.5															
9241.6	9142	9181	9241.6															
9241.7	9181	9220	9241.7															
9241.8	9220	9260	9241.8															
9241.9	9260	9300	9241.9															
9242.0	9300	9340	9242.0															
9242.1	9340	9380	9242.1															
9242.2	9380	9420	9242.2															
9242.3	9420	9460	9242.3															
9242.4	9460	9500	9242.4															
9242.5	9500	9540	9242.5															
9242.6	9540	9581	9242.6															
9242.7	9581	9621	9242.7															
9242.8	9621	9662	9242.8															
9242.9	9662	9703	9242.9															
9243.0	9703	9744	9243.0															
9243.1	9744	9785	9243.1															
9243.2	9785	9826	9243.2															
9243.3	9826	9867	9243.3															
9243.4	9867	9908	9243.4															
9243.5	9908	9950	9243.5															
9243.6	9950	9991	9243.6															
9243.7	9991	10033	9243.7															
9243.8	10033	10074	9243.8															
9243.9	10074	10116	9243.9															
9244.0	10116	10158	9244.0															
9244.1	10158	10200	9244.1															
9244.2	10200	10242	9244.2															
9244.3	10242	10284	9244.3															
9244.4	10284	10327	9244.4															
9244.5	10327	10369	9244.5															
9244.6	10369	10412	9244.6															
9244.7	10412	10454	9244.7															
9244.8	10454	10497	9244.8															
9244.9	10497	10540	9244.9															
9245.0	10540	10583	9245.0															
9245.1	10583	10626	9245.1															
9245.2	10626	10669	9245.2															
9245.3	10669	10712	9245.3															
9245.4	10712	10756	9245.4															
9245.5	10756	10799	9245.5															
9245.6	10799	10843	9245.6															
9245.7	10843	10887	9245.7															
9245.8	10887	10930	9245.8															
9245.9	10930	10974	9245.9															
9246.0	10974	11018	9246.0															
9246.1	11018	11062	9246.1															
9246.2	11062	11106	9246.2															
9246.3	11106	11151	9246.3															
9246.4	11151	11195	9246.4															
9246.5	11195	11240	9246.5															
9246.6	11240	11284	9246.6															
9246.7	11284	11329	9246.7															
9246.8	11329	11374	9246.8															
9246.9	11374	11419	9246.9															
9247.0	11419	11464	9247.0															
9247.1	11464	11509	9247.1															
9247.2	11509	11554	9247.2															
9247.3	11554	11600	9247.3															
9247.4	11600	11645	9247.4															
9247.5	11645	11691	9247.5															
9247.6	11691	11736	9247.6															
9247.7	11736	11782	9247.7															
9247.8	11782	11828	9247.8															
9247.9	11828	11874	9247.9															
9248.0	11874	11920	9248.0															
9248.1	11920	11966	9248.1															
9248.2	11966	12012	9248.2															
9248.3	12012	12059	9248.3															
9248.4	12059	12105	9248.4															
9248.5	12105	12152	9248.5															
9248.6	12152	12198	9248.6															
9248.7	12198	12245	9248.7															
9248.8	12245	12292	9248.8															
9248.9	12292	12339	9248.9															
9249.0	12339	12386	9249.0															
9249.1	12386	12434	9249.1															
9249.2	12434	12481	9249.2															
9249.3	12481	12528	9249.3															
9249.4	12528	12576	9249.4															
9249.5	12576	12623	9249.5															
9249.6	12623	12671	9249.6															
9249.7	12671	12719	9249.7															
9249.8	12719	12767	9249.8															
9249.9	12767	12815	9249.9															
9250.0	12815	12863	9250.0															
9250.1	12863	12911	9250.1															
9250.2	12911	12960	9250.2															
9250.3	12960	13008	9250.3															
9250.4	13008	13057	9250.4															
9250.5	13057	13106	9250.5															
9250.6	13106	13154	9250.6															
9250.7	13154	13203	9250.7															
9250.8	13203	13252	9250.8															
9250.9	13252	13301	9250.9															
9251.0	13301	13351	9251.0															
9251.1	13351	13400	9251.1															
9251.2	13400	13449	9251.2															
9251.3	13449	13499	9251.3															
9251.4	13499	13548	9251.4															
9251.5	13548	13598	9251.5															
9251.6	13598	13648	9251.6															
9251.7	13648	13698	9251.7															
9251.8	13698	13748	9251.8															
9251.9	13748	13798	9251.9															
9252.0	13798	13848	9252.0															
9252.1	13848	13899	9252.1															
9252.2	13899	13949	9252.2															
9252.3	13949	14000	9252.3															
9252.4	14000	14051	9252.4															
9252.5	14051	14101	9252.5															
9252.6	14101	14152	9252.6															
9252.7	14152	14203	9252.7															
9252.8	14203	14254	9252.8															
9252.9	14254	14306	9252.9															
9253.0	14306	14357	9253.0															
9253.1	14357	14408	9253.1															
9253.2	14408	14460	9253.2															
9253.3	14460	14512	9253.3															
9253.4	14512	14563	9253.4															
9253.5	14563	14615	9253.5															
9253.6	14615	14667	9253.6															
9253.7	14667	14719	9253.7															
9253.8	14719	14772	9253.8															
9253.9	14772	14824	9253.9															
9254.0	14824	14876	9254.0															
9254.1	14876	14929	9254.1															
9254.2	14929	14981	9254.2															
9254.3	14981	15034	9254.3															
9254.4	15034	15087	9254.4															
9254.5	15087	15140	9254.5															
9254.6	15140	15193	9254.6															
9254.7	15193	15246	9254.7															
9254.8	15246	15299	9254.8															
9254.9	15299	15353	9254.9															
9255.0	15353	15406	9255.0															
9255.1	15406	15460	9255.1															
9255.2	15460	15513	9255.2															
9255.3	15513	15567	9255.3															
9255.4	15567	15621	9255.4															
9255.5	15621	15675	9255.5															
9255.6	15675	15729	9255.6															
9255.7	15729	15783	9255.7															
9255.8	15783	15837	9255.8															
9255.9	15837	15892	9255.9															
9256.0	15892	15946	9256.0															
9256.1	15946	16001	9256.1															
9256.2	16001	16056	9256.2															
9256.3	16056	16110	9256.3															
9256.4	16110	16165	9256.4															
9256.5	16165	16220	9256.5															
9256.6	16220	16276	9256.6															
9256.7	16276	16331	9256.7															
9256.8	16331	16386	9256.8															
9256.9	16386	16442	9256.9															
9257.0	16442	16497	9257.0															
9257.1	16497	16553	9257.1															
9257.2	16553	16609	9257.2															
9257.3	16609	16665	9257.3															
9257.4	16665	16721	9257.4															
9257.5	16721	16777	9257.5															
9257.6	16777	16833	9257.6															
9257.7	16833	16889	9257.7															
9257.8	16889	16946	9257.8															
9257.9	16946	17002	9257.9															
9258.0	17002	17059	9258.0															
9258.1	17059	17116	9258.1															
9258.2	17116	17172	9258.2															
9258.3	17172	17229	9258.3															
9258.4	17229	17286	9258.4															
9258.5	17286	17344	9258.5															
9258.6	17344	17401	9258.6															
9258.7	17401	17458	9258.7															
9258.8	17458	17516	9258.8															
9258.9	17516	17573	9258.9															
9259.0	17573	17631	9259.0															
9259.1	17631	17689	9259.1															
9259.2	17689	17747	9259.2															
9259.3	17747	17805	9259.3															
9259.4	17805	17863	9259.4															
9259.5	17863	17921	9259.5															
9259.6	17921	17979	9259.6															
9259.7	17979	18038	9259.7															
9259.8	18038	18096	9259.8															
9259.9	18096	18155	9259.9															
9260.0	18155	18214	9260.0															
9260.1	18214	18273	9260.1															
9260.2	18273	18332	9260.2															
9260.3	18332	18391	9260.3															
9260.4	18391	18450	9260.4															
9260.5	18450	18510	9260.5															
9260.6	18510	18569	9260.6															
9260.7	18569	18629	9260.7															
9260.8	18629	18689	9260.8															
9260.9	18689	18749	9260.9															
9261.0	18749	18809	9261.0															
9261.1	18809	18870	9261.1															
9261.2	18870	18930	9261.2															
9261.3	18930	18991	9261.3															
9261.4	18991	19052	9261.4															
9261.5	19052	19113	9261.5															
9261.6	19113	19174	9261.6															
9261.7	19174	19235	9261.7															
9261.8	19235	19296	9261.8															
9261.9	19296	19358	9261.9															
9262.0	19358	19419	9262.0															
9262.1	19419	19481	9262.1															
9262.2	19481	19543	9262.2															
9262.3	19543	19605	9262.3															
9262.4	19605	19667	9262.4															
9262.5	19667	19730	9262.5															
9262.6	19730	19792	9262.6															
9262.7	19792	19855	9262.7															
9262.8	19855	19917	9262.8															
9262.9	19917	19980	9262.9															
9263.0	19980	20043	9263.0															
9263.1	20043	20107	9263.1															
9263.2	20107	20170	9263.2															
9263.3	20170	20233	9263.3															
9263.4	20233	20297	9263.4															
9263.5	20297	20361	9263.5															
9263.6	20361	20425	9263.6															
9263.7	20425	20489	9263.7															
9263.8	20489	20553	9263.8															
9263.9	20553	20617	9263.9															
9264.0	20617	20682	9264.0															
9264.1	20682	20747	9264.1															
9264.2	20747	20811	9264.2															
9264.3	20811	20876	9264.3															
9264.4	20876	20941	9264.4															
9264.5	20941	21006	9264.5															
9264.6	21006	21072	9264.6															
9264.7	21072	21137	9264.7															
9264.8	21137	21203	9264.8															
9264.9	21203	21269	9264.9															
9265.0	21269	21335	9265.0															
9265.1	21335	21401	9265.1															
9265.2	21401	21467	9265.2															
9265.3	21467	21533	9265.3															
9265.4	21533	21600	9265.4															
9265.5	21600	21666	9265.5															
9265.6	21666	21733	9265.6															
9265.7	21733	21800	9265.7															
9265.8	21800	21867	9265.8															
9265.9	21867	21934	9265.9															
9266.0	21934	22002	9266.0															
9266.1	22002	22069	9266.1															
9266.2	22069	22137	9266.2															
9266.3	22137	22205	9266.3															
9266.4	22205	22273	9266.4															
9266.5	22273	22341	9266.5															
9266.6	22341	22409	9266.6															
9266.7	22409	22477	9266.7															
9266.8	22477	22546	9266.8															
9266.9	22546	22614	9266.9															
9267.0	22614	22683	9267.0															
9267.1	22683	22752	9267.1															
9267.2	22752	22821	9267.2															
9267.3	22821	22890	9267.3															
9267.4	22890	22960	9267.4															
9267.5	22960	23029	9267.5															
9267.6	23029	23099	9267.6															
9267.7	23099	23169	9267.7															
9267.8	23169	23239	9267.8															
9267.9	23239	23309	9267.9															
9268.0	23309	23379	9268.0															
9268.1	23379	23449	9268.1															
9268.2	23449	23520	9268.2															
9268.3	23520	23590	9268.3															
9268.4	23590	23661	9268.4															
9268.5	23661	23732	9268.5															
9268.6	23732	23803	9268.6															
9268.7	23803	23874	9268.7															
9268.8	23874	23946	9268.8															
9268.9	23946	24017	9268.9															
9269.0	24017	24089	9269.0															
9269.1	24089	24161	9269.1															
9269.2	24161	24233	9269.2															
9269.3	24233	24305	9269.3															
9269.4	24305	24377	9269.4															
9269.5	24377	24449	9269.5															
9269.6	24449	24522	9269.6															
9269.7	24522	24594	9269.7															
9269.8	24594	24667	9269.8															
9269.9	24667	24740	9269.9															
9270.0	24740	24813	9270.0															
9270.1	24813	24886	9270.1															
9270.2	24886	24960	9270.2															
9270.3	24960	25033	9270.3															
9270.4	25033	25107	9270.4															
9270.5	25107	25181	9270.5															
9270.6	25181	25255	9270.6															
9270.7	25255	25329	9270.7															
9270.8	25329	25403	9270.8															
9270.9	25403	25478	9270.9															
9271.0	25478	25553	9271.0															
9271.1	25553	25627	9271.1															
9271.2	25627	25702	9271.2															
9271.3	25702	25777	9271.3															
9271.4	25777	25853	9271.4															
9271.5	25853	25928	9271.5															
9271.6	25928	26004	9271.6															
9271.7	26004	26080	9271.7															
9271.8	26080	26156	9271.8															
9271.9	26156	26232	9271.9															
9272.0	26232	26308	9272.0															
9272.1	26308	26384	9272.1															
9272.2	26384	26461	9272.2															
9272.3	26461	26538	9272.3															
9272.4	26538	26614	9272.4															
9272.5	26614	26691	9272.5															
9272.6	26691	26769	9272.6															
9272.7	26769	26846	9272.7															
9272.8	26846	26923	9272.8															
9272.9	26923	27001	9272.9															
9273.0	27001	27079	9273.0															
9273.1	27079	27157	9273.1															
9273.2	27157	27235	9273.2															
9273.3	27235	27313	9273.3															
9273.4	27313	27392	9273.4															
9273.5	27392	27470	9273.5															
9273.6	27470	27549	9273.6															
9273.7	27549	27628	9273.7															
9273.8	27628	27707	9273.8															
9273.9	27707	27786	9273.9															
9274.0	27786	27866	9274.0															
9274.1	27866	27945	9274.1															
9274.2	27945	28025	9274.2															
9274.3	28025	28105	9274.3															
9274.4	28105	28185	9274.4															
9274.5	28185	28265	9274.5															
9274.6	28265	28346	9274.6															
9274.7	28346	28426	9274.7															
9274.8	28426	28507	9274.8															
9274.9	28507	28587	9274.9															
9275.0	28587	28668	9275.0															
9275.1	28668	28750	9275.1															
9275.2	28750	28831	9275.2															
9275.3	28831	28912	9275.3															
9275.4	28912	28994	9275.4															
9275.5	28994	29076	9275.5															
9275.6	29076	29158	9275.6															
9275.7	29158	29240	9275.7															
9275.8	29240	29322	9275.8															
9275.9	29322	29404	9275.9															
9276.0	29404	29487	9276.0															
9276.1	29487	29570	9276.1															
9276.2	29570	29653	9276.2															
9276.3	29653	29736	9276.3															
9276.4	29736	29819	9276.4															
9276.5	29819	29902	9276.5															
9276.6	29902	29986	9276.6															
9276.7	29986	30069	9276.7															
9276.8	30069	30153	9276.8															
9276.9	30153	30237	9276.9															
9277.0	30237	30321	9277.0															
9277.1	30321	30406	9277.1															
9277.2	30406	30490	9277.2															
9277.3	30490	30575	9277.3															
9277.4	30575	30659	9277.4															
9277.5	30659	30744	9277.5															
9277.6	30744	30829	9277.6															
9277.7	30829	30915	9277.7															
9277.8	30915	31000	9277.8															
9277.9	31000	31086	9277.9															
9278.0	31086	31171	9278.0															
9278.1	31171	31257	9278.1															
9278.2	31257	31343	9278.2															
9278.3	31343	31429	9278.3															
9278.4	31429	31516	9278.4															
9278.5	31516	31602	9278.5															
9278.6	31602	31689	9278.6															
9278.7	31689	31776	9278.7															
9278.8	31776	31863	9278.8															
9278.9	31863	31950	9278.9															
9279.0	31950	32037	9279.0															
9279.1	32037	32125	9279.1															
9279.2	32125	32212	9279.2															
9279.3	32212	32300	9279.3															
9279.4	32300	32388	9279.4															
9279.5	32388	32476	9279.5															
9279.6	32476	32564	9279.6															
9279.7	32564	32653	9279.7															
9279.8	32653	32741	9279.8															
9279.9	32741	32830	9279.9															
9280.0	32830	32919	9280.0															
9280.1	32919	33008	9280.1															
9280.2	33008	33097	9280.2															
9280.3	33097	33187	9280.3															
9280.4	33187	33277	9280.4															
9280.5	33277	33367	9280.5															
9280.6	33367	33457	9280.6															
9280.7	33457	33547	9280.7															
9280.8	33547	33638	9280.8															
9280.9	33638	33729	9280.9															
9281.0	33729	33820	9281.0															
9281.1	33820	33911	9281.1															
9281.2	33911	34003	9281.2															
9281.3	34003	34095	9281.3															
9281.4	34095	34187	9281.4															
9281.5	34187	34279	9281.5															
9281.6	34279	34371	9281.6															
9281.7	34371	34464	9281.7															
9281.8	34464	34557	9281.8															
9281.9	34557	34650	9281.9															
9282.0	34650	34743	9282.0															
9282.1	34743	34837	9282.1															
9282.2	34837	34931	9282.2															
9282.3	34931	35025	9282.3															
9282.4	35025	35119	9282.4															
9282.5	35119	35213	9282.5															
9282.6	35213	35308	9282.6															
9282.7	35308	35403	9282.7															
9282.8	35403	35498	9282.8															
9282.9	35498	35593	9282.9															
9283.0	35593	35689	9283.0															
9283.1	35689	35784	9283.1															
9283.2	35784	35880	9283.2															
9283.3	35880	35976	9283.3															
9283.4	35976	36073	9283.4															
9283.5	36073	36169	9283.5															
9283.6	36169	36266	9283.6															
9283.7	36266	36363	9283.7															
9283.8	36363	36461	9283.8															
9283.9	36461	36558	9283.9															
9284.0	36558	36656	9284.0															
9284.1	36656	36754	9284.1															
9284.2	36754	36852	9284.2															
9284.3	36852	36950	9284.3															
9284.4	36950	37049	9284.4															
9284.5	37049	37148	9284.5															
9284.6	37148	37247	9284.6															
9284.7	37247	37346	9284.7															
9284.8	37346	37445	9284.8															
9284.9	37445	37545	9284.9															
9285.0	37545	37645	9285.0															
9285.1	37645	37745	9285.1															
9285.2	37745	37845	9285.2															
9285.3	37845	37946	9285.3															
9285.4	37946	38047	9285.4															
9285.5	38047	38148	9285.5															
9285.6	38148	38249	9285.6															
9285.7	38249	38350	9285.7															
9285.8	38350	38452	9285.8															
9285.9	38452	38554	9285.9															
9286.0	38554	38656	9286.0															
9286.1	38656	38758	9286.1															
9286.2	38758	38861	9286.2															
9286.3	38861	38964	9286.3															
9286.4	38964	39067	9286.4															
9286.5	39067	39170	9286.5															
9286.6	39170	39273	9286.6															
9286.7	39273	39377	9286.7															
9286.8	39377	39481	9286.8															
9286.9	39481	39585	9286.9															
9287.0	39585	39689	9287.0															
9287.1	39689	39794	9287.1															
9287.2	39794	39899	9287.2															
9287.3	39899	40004	9287.3															
9287.4	40004	40109	9287.4															
9287.5	40109	40214	9287.5															
9287.6	40214	40320	9287.6															
9287.7	40320	40426	9287.7															
9287.8	40426	40532	9287.8															
9287.9	40532	40638	9287.9															
9288.0	40638	40745	9288.0															
9288.1	40745	40851	9288.1															
9288.2	40851	40958	9288.2															
9288.3	40958	41065	9288.3															
9288.4	41065	41173	9288.4															
9288.5	41173	41280	9288.5															
9288.6	41280	41388	9288.6															
9288.7	41388	41496	9288.7															
9288.8	41496	41605	9288.8															
9288.9	41605	41713	9288.9															
9289.0	41713	41822	9289.0															
9289.1	41822	41931	9289.1															
9289.2	41931	42040	9289.2															
9289.3	42040	42149	9289.3															
9289.4	42149	42259	9289.4															
9289.5	42259	42369	9289.5															
9289.6	42369	42479	9289.6															
9289.7	42479	42589	9289.7															
9289.8	42589	42699	9289.8															
9289.9	42699	42810	9289.9															
9290.0	42810	42921	9290.0															
9290.1	42921	43032	9290.1															
9290.2	43032	43144	9290.2															
9290.3	43144	43255	9290.3															
9290.4	43255	43367	9290.4															
9290.5	43367	43479	9290.5															
9290.6	43479	43592	9290.6															
9290.7	43592	43704	9290.7															
9290.8	43704	43817	9290.8															
9290.9	43817	43931	9290.9															
9291.0	43931	44044	9291.0															
9291.1	44044	44158	9291.1															
9291.2	44158	44272	9291.2															
9291.3	44272	44386	9291.3															
9291.4	44386	44500	9291.4															
9291.5	44500	44615	9291.5															
9291.6	44615	44730	9291.6															
9291.7	44730	44845	9291.7															
9291.8	44845	44961	9291.8															
9291.9	44961	45076	9291.9															
9292.0	45076	45192	9292.0															
9292.1	45192	45309	9292.1															
9292.2	45309	45425	9292.2															
9292.3	45425	45542	9292.3															
9292.4	45542	45659	9292.4															
9292.5	45659	45776	9292.5															
9292.6	45776	45893	9292.6															
9292.7	45893	46011	9292.7															
9292.8	46011	46129	9292.8															
9292.9	46129	46247	9292.9															
9293.0	46247	46366	9293.0															
9293.1	46366	46485	9293.1															
9293.2	46485	46604	9293.2															
9293.3	46604	46723	9293.3															
9293.4	46723	46842	9293.4															
9293.5	46842	46962	9293.5															
9293.6	46962	47082	9293.6															
9293.7	47082	47202	9293.7															
9293.8	47202	47323	9293.8															
9293.9	47323	47444	9293.9															
9294.0	47444	47565	9294.0															
9294.1	47565	47686	9294.1															
9294.2	47686	47807	9294.2															
9294.3	47807	47929	9294.3															
9294.4	47929	48051	9294.4															
9294.5	48051	48173	9294.5															
9294.6	48173	48296	9294.6															
9294.7	48296	48419	9294.7															
9294.8	48419	48542	9294.8															
9294.9	48542	48665	9294.9															
9295.0	48665	48789	9295.0															
9295.1	48789	48912	9295.1															
9295.2	48912	49036	9295.2															
9295.3	49036	49161	9295.3															
9295.4	49161	49285	9295.4															
9295.5	49285	49410	9295.5															
9295.6	49410	49535	9295.6															
9295.7	49535	49660	9295.7															
9295.8	49660	49786	9295.8															
9295.9	49786	49912	9295.9															
9296.0	49912	50038	9296.0															
9296.1	50038	50164	9296.1															
9296.2	50164	50290	9296.2															
9296.3	50290	50417	9296.3															
9296.4	50417	50544	9296.4															
9296.5	50544	50672	9296.5															
9296.6	50672	50799	9296.6															
9296.7	50799	50927	9296.7															
9296.8	50927	51055	9296.8															
9296.9	51055	51183	9296.9															
9297.0	51183	51312	9297.0															
9297.1	51312	51441	9297.1															
9297.2	51441	51570	9297.2															
9297.3	51570	51699	9297.3															
9297.4	51699	51829	9297.4															
9297.5	51829	51959	9297.5															
9297.6	51959	52089	9297.6															
9297.7	52089	52219	9297.7															
9297.8	52219	52350	9297.8															
9297.9	52350	52480	9297.9															
9298.0	52480	52611	9298.0															
9298.1	52611	52743	9298.1															
9298.2	52743	52874	9298.2															
9298.3	52874	53006	9298.3															
9298.4	53006	53138	9298.4															
9298.5	53138	53271	9298.5															
9298.6	53271	53403	9298.6															
9298.7	53403	53536	9298.7															
9298.8	53536	53669	9298.8															
9298.9	53669	53803	9298.9															
9299.0	53803	53936	9299.0															
9299.1	53936	54070	9299.1															
9299.2	54070	54204	9299.2															
9299.3	54204	54339	9299.3															
9299.4	54339	54473	9299.4															
9299.5	54473	54608	9299.5															
9299.6	54608	54743	9299.6															
9299.7	54743	54879	9299.7															
9299.8	54879	55014	9299.8															
9299.9	55014	55150	9299.9															
9300.0	55150	55286	9300.0															
9300.1	55286	55422	9300.1															
9300.2	55422	55559	9300.2															
9300.3	55559	55696	9300.3															
9300.4	55696	55833	9300.4															
9300.5	55833	55970	9300.5															
9300.6	55970	56108	9300.6															
9300.7	56108	56245	9300.7															
9300.8	56245	56383	9300.8															
9300.9	56383	56521	9300.9															
9301.0	56521	56660	9301.0															
9301.1	56660	56798	9301.1															
9301.2	56798	56937	9301.2															
9301.3	56937	57076	9301.3															
9301.4	57076	57216	9301.4															
9301.5	57216	57355	9301.5															
9301.6	57355	57495	9301.6															
9301.7	57495	57635	9301.7															
9301.8	57635	57775	9301.8															
9301.9	57775	57916	9301.9															
9302.0	57916	58056	9302.0															
9302.1	58056	58197	9302.1															
9302.2	58197	58338	9302.2															
9302.3	58338	58480	9302.3															
9302.4	58480	58621	9302.4															
9302.5	58621	58763	9302.5															
9302.6	58763	58905	9302.6															
9302.7	58905	59047	9302.7															
9302.8	59047	59190	9302.8															
9302.9	59190	59333	9302.9															
9303.0	59333	59476	9303.0															
9303.1	59476	59619	9303.1															
9303.2	59619	59762	9303.2															
9303.3	59762	59906	9303.3															
9303.4	59906	60050	9303.4															
9303.5	60050	60194	9303.5															
9303.6	60194	60338	9303.6															
9303.7	60338	60483	9303.7															
9303.8	60483	60627	9303.8															
9303.9	60627	60772	9303.9															
9304.0	60772	60918	9304.0															
9304.1	60918	61063	9304.1															
9304.2	61063	61209	9304.2															
9304.3	61209	61355	9304.3															
9304.4	61355	61501	9304.4															
9304.5	61501	61647	9304.5															
9304.6	61647	61794	9304.6															
9304.7	61794	61941	9304.7															
9304.8	61941	62088	9304.8															
9304.9	62088	62235	9304.9															
9305.0	62235	62383	9305.0															
9305.1	62383	62530	9305.1															
9305.2	62530	62678	9305.2															
9305.3	62678	62826	9305.3															
9305.4	62826	62975	9305.4															
9305.5	62975	63124	9305.5															
9305.6	63124	63272	9305.6															
9305.7	63272	63421	9305.7															
9305.8	63421	63571	9305.8															
9305.9	63571	63720	9305.9															
9306.0	63720	63870	9306.0															
9306.1	63870	64020	9306.1															
9306.2	64020	64170	9306.2															
9306.3	64170	64321	9306.3															
9306.4	64321	64472	9306.4															
9306.5	64472	64623	9306.5															
9306.6	64623	64774	9306.6															
9306.7	64774	64925	9306.7															
9306.8	64925	65077	9306.8															
9306.9	65077	65229	9306.9															
9307.0	65229	65381	9307.0															
9307.1	65381	65533	9307.1															
9307.2	65533	65686	9307.2															
9307.3	65686	65838	9307.3															
9307.4	65838	65991	9307.4															
9307.5	65991	66144	9307.5															
9307.6	66144	66298	9307.6															
9307.7	66298	66452	9307.7															
9307.8	66452	66605	9307.8															
9307.9	66605	66760	9307.9															
9308.0	66760	66914	9308.0															
9308.1	66914	67069	9308.1															
9308.2	67069	67223	9308.2															
9308.3	67223	67378	9308.3															
9308.4	67378	67534	9308.4															
9308.5	67534	67689	9308.5															
9308.6	67689	67845	9308.6															
9308.7	67845	68001	9308.7															
9308.8	68001	68157	9308.8															
9308.9	68157	68313	9308.9															
9309.0	68313	68470	9309.0															
9309.1	68470	68627	9309.1															
9309.2	68627	68784	9309.2															
9309.3	68784	68941	9309.3															
9309.4	68941	69099	9309.4															
9309.5	69099	69257	9309.5															
9309.6	69257	69415	9309.6															
9309.7	69415	69573	9309.7															
9309.8	69573	69731	9309.8															
9309.9	69731	69890	9309.9															
9310.0	69890	70049	9310.0															
9310.1	70049	70208	9310.1															
9310.2	70208	70367	9310.2															
9310.3	70367	70527	9310.3															
9310.4	70527	70687	9310.4															
9310.5	70687	70847	9310.5															
9310.6	70847	71007	9310.6															
9310.7	71007	71168	9310.7															
9310.8	71168	71329	9310.8															
9310.9	71329	71490	9310.9															
9311.0	71490	71651	9311.0															
9311.1	71651	71813	9311.1															
9311.2	71813	71974	9311.2															
9311.3	71974	72136	9311.3															
9311.4	72136	72298	9311.4															
9311.5	72298	72461	9311.5															
9311.6	72461	72624	9311.6															
9311.7	72624	72786	9311.7															
9311.8	72786	72950	9311.8															
9311.9	72950	73113	9311.9															
9312.0	73113	73277	9312.0															
9312.1	73277	73440	9312.1															
9312.2	73440	73605	9312.2															
9312.3	73605	73769	9312.3															
9312.4	73769	73933	9312.4															
9312.5	73933	74098	9312.5															
9312.6	74098	74263	9312.6															
9312.7	74263	74429	9312.7															
9312.8	74429	74594	9312.8															
9312.9	74594	74760	9312.9															
9313.0	74760	74926	9313.0															
9313.1	74926	75092	9313.1															
9313.2	75092	75258	9313.2															
9313.3	75258	75425	9313.3															
9313.4	75425	75592	9313.4															
9313.5	75592	75759	9313.5															
9313.6	75759	75926	9313.6															
9313.7	75926	76094	9313.7															
9313.8	76094	76262	9313.8															
9313.9	76262	76430	9313.9															
9314.0	76430	76598	9314.0															
9314.1	76598	76767	9314.1															
9314.2	76767	76936	9314.2															
9314.3	76936	77105	9314.3															
9314.4	77105	77274	9314.4															
9314.5	77274	77443	9314.5															
9314.6	77443	77613	9314.6															
9314.7	77613	77783	9314.7															
9314.8	77783	77953	9314.8															
9314.9	77953	78124	9314.9															
9315.0	78124	78294	9315.0															
9315.1	78294	78465	9315.1															
9315.2	78465	78636	9315.2															
9315.3	78636	78808	9315.3															
9315.4	78808	78979	9315.4															
9315.5	78979	79151	9315.5															
9315.6	79151	79323	9315.6															
9315.7	79323	79496	9315.7															
9315.8	79496	79668	9315.8															
9315.9	79668	79841	9315.9															
9316.0	79841	80014	9316.0															
9316.1	80014	80187	9316.1															
9316.2	80187	80361	9316.2															
9316.3	80361	80534	9316.3															
9316.4	80534	80708	9316.4															
9316.5	80708	80883	9316.5															
9316.6	80883	81057	9316.6															
9316.7	81057	81232	9316.7															
9316.8	81232	81407	9316.8															
9316.9	81407	81582	9316.9															
9317.0	81582	81757	9317.0															
9317.1	81757	81933	9317.1															
9317.2	81933	82109	9317.2															
9317.3	82109	82285	9317.3															
9317.4	82285	82461	9317.4															
9317.5	82461	82637	9317.5															
9317.6	82637	82814	9317.6															
9317.7	82814	82991	9317.7															
9317.8	82991	83169	9317.8															
9317.9	83169	83346	9317.9															
9318.0	83346	83524	9318.0															
9318.1	83524	83702	9318.1															
9318.2	83702	83880	9318.2															
9318.3	83880	84058	9318.3															
9318.4	84058	84237	9318.4															
9318.5	84237	84416	9318.5															
9318.6	84416	84595	9318.6															
9318.7	84595	84774	9318.7															
9318.8	84774	84954	9318.8															
9318.9	84954	85134	9318.9															
9319.0	85134	85314	9319.0															
9319.1	85314	85494	9319.1															
9319.2	85494	85675	9319.2															
9319.3	85675	85855	9319.3															
9319.4	85855	86036	9319.4															
9319.5	86036	86218	9319.5															
9319.6	86218	86399	9319.6															
9319.7	86399	86581	9319.7															
9319.8	86581	86763	9319.8															
9319.9	86763	86945	9319.9															
9320.0	86945	87127	9320.0															
9320.1	87127	87310	9320.1															
9320.2	87310	87493	9320.2															
9320.3	87493	87676	9320.3															
9320.4	87676	87859	9320.4															
9320.5	87859	88043	9320.5															
9320.6	88043	88226	9320.6															
9320.7	88226	88410	9320.7															
9320.8	88410	88594	9320.8															
9320.9	88594	88779	9320.9															
9321.0	88779	88963	9321.0															
9321.1	88963	89148	9321.1															
9321.2	89148	89333	9321.2															
9321.3	89333	89518	9321.3															
9321.4	89518	89703	9321.4															
9321.5	89703	89889	9321.5															
9321.6	89889	90074	9321.6															
9321.7	90074	90260	9321.7															
9321.8	90260	90447	9321.8															
9321.9	90447	90633	9321.9															
9322.0	90633	90820	9322.0															
9322.1	90820	91006	9322.1															
9322.2	91006	91193	9322.2															
9322.3	91193	91381	9322.3															
9322.4	91381	91568	9322.4															
9322.5	91568	91756	9322.5															
9322.6	91756	91944	9322.6															
9322.7	91944	92132	9322.7															
9322.8	92132	92320	9322.8															
9322.9	92320	92509	9322.9															
9323.0	92509	92697	9323.0															
9323.1	92697	92886	9323.1															
9323.2	92886	93075	9323.2															
9323.3	93075	93265	9323.3															
9323.4	93265	93454	9323.4															
9323.5	93454	93644	9323.5															
9323.6	93644	93834	9323.6															
9323.7	93834	94024	9323.7															
9323.8	94024	94214	9323.8															
9323.9	94214	94405	9323.9															
9324.0	94405	94596	9324.0															
9324.1	94596	94787	9324.1															
9324.2	94787	94978	9324.2															
9324.3	94978	95169	9324.3															
9324.4	95169	95361	9324.4															
9324.5	95361	95553	9324.5															
9324.6	95553	95745	9324.6															
9324.7	95745	95937	9324.7															
9324.8	95937	96130	9324.8															
9324.9	96130	96323	9324.9															
9325.0	96323	96515	9325.0															
9325.1	96515	96709	9325.1															
9325.2	96709	96902	9325.2															
9325.3	96902	97095	9325.3															
9325.4	97095	97289	9325.4															
9325.5	97289	97483	9325.5															
9325.6	97483	97677	9325.6															
9325.7	97677	97872	9325.7															
9325.8	97872	98066	9325.8															
9325.9	98066	98261	9325.9															
9326.0	98261	98456	9326.0															
9326.1	98456	98651	9326.1															
9326.2	98651	98847	9326.2															
9326.3	98847	99042	9326.3															
9326.4	99042	99238	9326.4															
9326.5	99238	99434	9326.5															
9326.6	99434	99630	9326.6															
9326.7	99630	99827	9326.7															
9326.8	99827	100024	9326.8															
9326.9	100024	100221	9326.9															
9327.0	100221	100418	9327.0															
9327.1	100418	100615	9327.1															
9327.2	100615	100812	9327.2															
9327.3	100812	101010	9327.3															
9327.4	101010	101208	9327.4															
9327.5	101208	101406	9327.5															
9327.6	101406	101605	9327.6															
9327.7	101605	101803	9327.7															
9327.8	101803	102002	9327.8															
9327.9	102002	102201	9327.9															
9328.0	102201	102400	9328.0															
9328.1	102400	102600	9328.1															
9328.2	102600	102799	9328.2															
9328.3	102799	102999	9328.3															
9328.4	102999	103199	9328.4															
9328.5	103199	103399	9328.5															
9328.6	103399	103600	9328.6															
9328.7	103600	103801	9328.7															
9328.8	103801	104001	9328.8															
9328.9	104001	104203	9328.9															
9329.0	104203	104404	9329.0															
9329.1	104404	104605	9329.1															
9329.2	104605	104807	9329.2															
9329.3	104807	105009	9329.3															
9329.4	105009	105211	9329.4															
9329.5	105211	105413	9329.5															
9329.6	105413	105616	9329.6															
9329.7	105616	105819	9329.7															
9329.8	105819	106022	9329.8															
9329.9	106022	106225	9329.9															
9330.0	106225	106428	9330.0															
9330.1	106428	106632	9330.1															
9330.2	106632	106836	9330.2															
9330.3	106836	107040	9330.3															
9330.4	107040	107244	9330.4															
9330.5	107244	107448	9330.5															
9330.6	107448	107653	9330.6															
9330.7	107653	107858	9330.7															
9330.8	107858	108062	9330.8															
9330.9	108062	108268	9330.9															
9331.0	108268	108473	9331.0															
9331.1	108473	108678	9331.1															
9331.2	108678	108884	9331.2															
9331.3	108884	109090	9331.3															
9331.4	109090	109296	9331.4															
9331.5	109296	109502	9331.5															
9331.6	109502	109709	9331.6															
9331.7	109709	109915	9331.7															
9331.8	109915	110122	9331.8															
9331.9	110122	110329	9331.9															
9332.0	110329	110536	9332.0															
9332.1	110536	110744	9332.1															
9332.2	110744	110952	9332.2															
9332.3	110952	111159	9332.3															
9332.4	111159	111367	9332.4															
9332.5	111367	111575	9332.5															
9332.6	111575	111784	9332.6															
9332.7	111784	111992	9332.7															
9332.8	111992	112201	9332.8															
9332.9	112201	112410	9332.9															
9333.0	112410	112619	9333.0															
9333.1	112619	112829	9333.1															
9333.2	112829	113038	9333.2															
9333.3	113038	113248	9333.3															
9333.4	113248	113458	9333.4															
9333.5	113458	113668	9333.5															
9333.6	113668	113878	9333.6															
9333.7	113878	114089	9333.7															
9333.8	114089	114299	9333.8															
9333.9	114299	114510	9333.9															
9334.0	114510	114721	9334.0															
9334.1	114721	114932	9334.1															
9334.2	114932	115144	9334.2															
9334.3	115144	115355	9334.3															
9334.4	115355	115567	9334.4															
9334.5	115567	115779	9334.5															
9334.6	115779	115991	9334.6															
9334.7	115991	116204	9334.7															
9334.8	116204	116416	9334.8															
9334.9	116416	116629	9334.9															
9335.0	116629	116842	9335.0															
9335.1	116842	117055	9335.1															
9335.2	117055	117269	9335.2															
9335.3	117269	117482	9335.3															
9335.4	117482	117696	9335.4															
9335.5	117696	117910	9335.5															
9335.6	117910	118124	9335.6															
9335.7	118124	118338	9335.7															
9335.8	118338	118553	9335.8															
9335.9	118553	118767	9335.9															
9336.0	118767	118982	9336.0															
9336.1	118982	119197	9336.1															
9336.2	119197	119413	9336.2															
9336.3	119413	119628	9336.3															
9336.4	119628	119844	9336.4															
9336.5	119844	120060	9336.5															
9336.6	120060	120276	9336.6															
9336.7	120276	120492	9336.7															
9336.8	120492	120708	9336.8															
9336.9	120708	120925	9336.9															
9337.0	120925	121142	9337.0															
9337.1	121142	121359	9337.1															
9337.2	121359	121576	9337.2															
9337.3	121576	121793	9337.3															
9337.4	121793	122011	9337.4															
9337.5	122011	122228	9337.5															
9337.6	122228	122446	9337.6															
9337.7	122446	122664	9337.7															
9337.8	122664	122883	9337.8															
9337.9	122883	123101	9337.9															
9338.0	123101	123320	9338.0															
9338.1	123320	123539	9338.1															
9338.2	123539	123758	9338.2															
9338.3	123758	123977	9338.3															
9338.4	123977	124197	9338.4															
9338.5	124197	124416	9338.5															
9338.6	124416	124636	9338.6															
9338.7	124636	124856	9338.7															
9338.8	124856	125076	9338.8															
9338.9	125076	125297	9338.9															
9339.0	125297	125518	9339.0															
9339.1	125518	125738	9339.1															
9339.2	125738	125959	9339.2															
9339.3	125959	126181	9339.3															
9339.4	126181	126402	9339.4															
9339.5	126402	126623	9339.5															
9339.6	126623	126845	9339.6															
9339.7	126845	127067	9339.7															
9339.8	127067	127289	9339.8															
9339.9	127289		9339.9															
9340.0			9340.0															
